423392331233023322333
023452348234323472344


123352336233823372339
323442340234823452342


923382330233323372332
623442341234523402349


223342338233923372336
323482349234623472341


523332332233023342339
423412346234223482343


623332330233823392332
523482341234923432340


423372331233923362333
923412344234523402343


623372331233523332339
723462342234523482349


123342337233623302333
523412346234723482344


523382339233123332336
023442347234323482349


623352339233723322338
823412343234623452344


323342339233223352337
523442340234123422343

