582409613
268079134
369475810
940768132
501746283
046973185
415072398
184067295
764520183
168075394
416582039
987416302
197538642
721965043
235768149
167384295
278935164
423680175
835460291
927486301
389264015
456013782
145092638
197062543
675249013
538901247
245063891
069872135
069428357
419078325
539628104
492038615
987023615
457236891
689532170
273568401
846237915
130546897
165032894
614270389
527130496
810634572
896573124
645210398
249037685
823075941
652170983
589103624
951328760
421073658
083512679
593028714
293675108
104783596
581470269
738491502
807254163
162509473
876195420
184523967
957820643
381976245
613794205
821604397
739056812
416578930
845169237
342790618
713896542
519364702
905316827
381674925
974063852
874521630
016274538
534601782
610359482
537421869
056173842
273951840
728954106
921567308
870594263
182506493
475260193
126089473
561097824
938510726
465382709
150724936
417068235
597082146
520873916
091268345
419063825
641985320
094765183
673948210
651409782
873219045
178953064
637510892
812734905
386509214
197840623
871539642
127503849
803247591
930681457
537829604
729015638
517469803
597682310
305147298
785913204
632804975
650349782
705628914
197328564
194236870
726810495
864970352
736482105
138502947
976301852
321540879
816209573
683729041
675291034
650491237
312947850
369815247
596137842
215364908
437609815
945807321
149362075
374819260
374598162
487316520
197324056
420539687
281630475
759810324
349581672
368527910
614705398
016387295
791563842
193706824
081532746
712085634
820635147
520168943
305748692
758960423
876430251
963047812
304675821
438570912
817024935
795368041
064182573
468732195
071425398
580416923
704196258
273048596
891475063
597618243
982104576
620839451
026149537
462398175
534210786
689423751
026731948
709652843
821690345
265498710
396041852
013869275
853460721
408693215
564879231
702146358
537904261
891320675
461780352
967158243
189365240
432905687
587109463
074915362
698204573
049571863
087926413
204891675
824967013